487.9299
594.9397
249.1086
247.1499
273.6041
201.6968
210.7862
335.8843
357.7055
321.2893
166.6764
585.3645
246.6112
187.6414
365.5205
415.2126
240.6435
495.826
330.0124
213.7962
424.6364
179.4636
238.1544
349.6799
216.4865
363.8585
361.3072
373.7635
254.6175
278.2146
304.5712
325.1289
416.2062
261.7819
617.7514
297.5122
308.6631
510.8637
347.4443
655.7271
299.4914
595.5757
507.7522
255.6054
390.2364
412.3189
188.9948
254.4201
366.1947
184.6811
159.9546
303.6661
418.2154
298.0589
231.6415
235.8628
303.0929
553.0957
198.8231
209.1708
167.3376
240.7376
301.3845
413.9193
296.6561
266.0634
424.6903
164.8834
295.5547
147.6448
397.9761
189.7733
211.2601
299.2409
173.8289
319.9963
217.5611
423.8625
544.0407
506.0489
333.3347
794.7108
518.2574
151.765
149.5367
529.1987
313.4511
206.3918
443.2714
565.1558
259.9527
464.186
646.422
189.2856
289.2792
176.5632
601.2791
170.9262
161.8904
253.2666
435.6871
235.9272
338.2282
371.3301
229.6093
330.2904
309.0747
192.6788
339.4328
516.4687
294.2411
492.3266
424.7512
168.7406
137.7013
349.8424
821.8425
195.6803
721.4057
337.9946
462.7078
253.3634
241.513
156.365
362.594
162.1476
322.9899
358.5848
178.8608
234.2966
378.7989
323.4753
328.8967
332.661
255.3422
315.5811
306.6633
176.5693
319.7194
215.0682
480.0108
436.6635
590.3765
326.4171
282.2401
743.7211
382.4748
193.7067
269.8572
296.5905
561.3832
637.9475
695.2292
252.1678
477.1077
617.0322
467.2532
656.6984
609.6367
247.4137
649.5408
602.3383
197.5086
469.7337
623.4368
595.1344
155.4664
496.2574
489.0043
488.9061
489.2552
222.6195
673.7347
411.3063
233.8543
330.3445
438.0957
339.1729
268.1004
326.908
585.788
175.3476
232.8174
195.0034
365.8712
554.3916
202.6107
151.5526
338.3833
174.5585
561.8704
508.671
772.6577
437.7628
341.7975
230.315
380.1474
357.8721
449.6424
170.6911
540.1662
242.1253
184.9456
338.4947
375.0065
538.8299
210.3265
264.9254
408.0538
281.3705
577.4681
311.1719
684.9093
404.3919
529.2068
284.679
552.5724
204.6567
122.1712
466.367
479.4593
358.4037
618.319
452.8194
725.9275
261.9967
502.5943
216.8121
590.6866
677.1387
249.7327
184.1154
528.1394
172.1117
321.6983
319.0387
207.4666
278.3829
170.9282
714.7668
389.3975
179.38
388.5222
424.0997
259.2523
273.6035
429.2141
159.9764
286.5734
424.5313
172.7341
162.5493
268.7605
385.3926
211.5257
168.2011
470.6765
801.5787
304.4899
438.4575
242.4019
774.1765
449.0194
553.3259
313.1718
436.7512
400.8922
305.1448
395.4048
646.9581
196.4579
147.4136
371.431
192.8044
499.5766
366.3638
206.6826
546.2922
736.507
325.3471
351.0544
336.4437
317.2563
181.786
159.3267
262.7961
363.6465
216.2484
662.5774
410.0373
387.5615
496.0685
595.1222
206.15
335.309
378.1324
630.3732
198.8219
448.332
340.0149
163.9729
626.1917
321.4945
496.8969
343.7333
431.8452
215.5507
216.6615
266.0127
385.431
399.5416
439.3334
263.5445
404.8899
391.1826
217.4923
161.2901
268.0065
194.4785
275.6087
489.5726
271.8022
144.9299
526.7253
218.0792
720.3662
335.5259
154.3317
384.4317
210.3973
271.737
227.7162
279.5133
479.9119
385.1343
270.7743
196.0372
198.7992
198.5329
239.5496
427.3719
636.6869
180.1617
430.3066
284.74
542.375
539.2422
202.5017
317.2687
159.8138
225.4783
527.7931
450.3993
289.6792
535.7028
299.507
253.2587
368.1599
603.2952
345.9642
369.3888
567.3034
256.7888
420.5753
210.8707
217.3923
276.581
561.0688
722.6288
630.5996
294.5158
428.1766
446.2451
132.5812
226.87
183.4754
354.494
621.9065
348.7185
130.4611
1081.589
424.7901
349.572
165.9553
214.0614
223.735
313.3505
522.4458
411.0779
333.3688
212.5411
888.1317
337.7686
263.7192
334.1964
412.4612
219.1559
400.525
416.1009
401.1413
500.902
289.5982
387.5213
620.9076
187.1692
281.9497
209.0589
278.7291
207.8721
169.5564
311.4314
522.0457
489.7135
411.9165
219.8842
239.3827
321.4716
331.2031
254.5694
552.388
429.8832
186.1036
597.5356
710.3989
421.9858
603.0846
231.7589
292.8196
753.3487
412.2474
199.7356
133.4264
175.974
341.4121
696.786
788.9308
516.72
322.3778
503.735
245.3598
272.6003
133.2016
434.852
215.8287
195.0533
281.3682
345.7021
162.1467
232.9343
345.3791
182.3404
591.7277
256.7999
171.4756
412.0286
167.1761
353.3107
256.1444
293.8981
266.5769
290.5212
284.0066
423.1328
264.0422
346.6617
173.4559
430.1168
260.6279
462.8184
438.6554
230.0653
276.2129
270.7715
323.2733
542.8092
232.2014
177.1998
328.834
204.8299
435.5425
295.5464
327.4684
189.2131
363.9544
212.4644
447.2437
273.0231
429.6116
152.7536
491.3095
205.3357
387.1536
564.3983
367.2918
240.8234
675.097
249.9175
167.9579
221.2916
482.1923
339.994
399.5204
541.2923
678.0527
414.3344
312.4295
520.7784
387.2832
381.2661
178.5462
258.3642
446.0937
548.5278
199.6312
200.5024
340.349
342.9012
326.4317
202.7436
284.0328
195.2476
287.4433
796.5233
163.87
510.4953
337.1033
544.5575
648.5471
430.9327
389.3008
920.524
381.8198
310.6047
371.0431
551.4531
278.5314
647.4974
179.5309
465.5026
176.6766
160.9486
363.9829
448.9816
157.23
644.8388
199.6062
281.3376
204.0715
167.5493
316.2645
174.5438
323.4938
553.3732
267.6725
563.343
343.9182
626.397
412.1904
195.7084
573.4131
492.0371
257.4999
387.8316
215.3666
324.9654
399.7869
295.0573
173.4556
220.3883
592.691
550.2287
164.1495
476.2508
175.6245
755.9752
359.8773
174.4014
510.8312
410.7158
293.5047
232.2067
198.7695
489.9411
561.5262
192.9867
483.2708
342.5715
228.7652
210.8097
485.4836
163.0796
436.4026
513.0468
343.8218
190.5247
516.6599
195.5691
417.8433
315.3811
350.2052
289.4753
307.4035
602.044
356.1594
273.8117
321.7934
298.7529
182.3178
208.3326
304.2134
321.1634
287.452
402.208
787.667
242.0756
647.0815
240.5274
260.3419
217.9983
211.2834
277.5389
129.7095
207.2707
384.5522
415.5859
349.3449
549.3745
276.1862
362.3018
546.0056
416.001
328.7635
362.4169
327.8333
822.2792
351.8963
384.0646
226.685
249.2372
425.9765
525.7939
265.0522
654.2041
266.3781
178.418
340.3333
156.9472
508.5382
384.8391
173.5799
470.1321
158.8132
255.4157
286.3385
430.1818
727.1548
552.5929
343.9928
169.9374
490.0175
435.9985
362.0523
165.9359
456.3197
418.6259
190.518
516.7519
679.538
556.7967
319.0495
201.448
341.686
220.1875
375.7483
213.3154
468.9139
346.0161
565.2736
336.5145
399.0598
155.6546
209.0517
452.3701
309.3263
505.3152
224.519
225.3395
359.5366
367.5606
225.3429
463.789
201.0717
212.6774
275.9413
300.6324
196.8159
450.7805
360.1873
200.371
387.7465
156.3103
506.2912
217.2955
722.23
428.9675
378.9913
589.6786
275.3054
187.0444
184.9885
399.1568
415.3272
549.081
799.1262
351.6481
214.6343
263.0279
494.7706
277.906
457.0403
172.3974
327.883
232.6259
351.1396
296.6257
382.5411
228.5874
463.031
375.2153
283.6614
528.5656
286.5197
452.0568
177.921
264.0415
308.6527
214.6938
299.3708
489.0272
337.9801
786.3593
222.6114
440.1806
405.9146
451.0338
269.2205
173.5952
269.4704
299.7168
508.3941
224.6278
184.1731
277.0992
229.7156
157.2735
435.2602
424.5269
521.9342
555.5331
159.7386
175.1104
272.3855
191.8162
158.3997
306.0001
164.6299
542.366
188.0195
444.8093
426.6573
498.7539
435.7056
195.6707
658.8667
453.1313
361.6726
287.0971
301.0136
366.7256
313.7656
264.2921
534.1649
269.7815
231.2954
249.4766
188.8731
624.6684
202.1566
275.2758
231.234
403.5096
503.9296
702.2243
394.6275
284.8894
369.3994
660.2686
204.1683
272.1621
854.7567
792.7674
323.6885
188.6149
196.9372
283.3466
375.1747
587.7613
406.8394
203.7727
390.3288
252.7729
309.0812
233.2815
568.0947
149.3856
358.9411
192.5888
323.8945
315.1282
434.6704
560.606
135.7305
203.9854
348.8336
395.1313
164.7669
280.6125
723.9971
185.6934
164.7499
177.6333
266.9999
465.5399
398.2746
655.8779
229.3373
185.7076
244.9933
381.6961
217.7546
182.2187
209.7514
298.8906
431.4249
253.2448
336.2435
444.8882
372.588
625.768
392.4296
353.7453
355.6985
261.8927
523.3504
585.4233
431.2951
576.3671
227.5239
270.4019
283.2762
229.1853
155.6665
266.4945
232.3787
420.1715
163.97
235.7662
274.8763
287.4994
426.6906
469.1341
182.2909
299.1571
181.9
218.2715
418.4063
244.5956
275.9557
201.7151
256.4142
574.7443
441.0637
717.4012
438.5521
171.5581
198.5638
248.3909
183.3172
169.4454
259.2285
188.5165
467.9316
345.4381
318.4001
274.9991
237.2331
231.4806
413.7102
286.9898
239.49
234.4698
391.9077
267.434
348.7614
338.3076
404.5839
362.8303
444.7257
643.4546
272.6974
440.8857
427.4517
284.7806
156.9502
417.1918
240.7518
291.263
364.5151
139.0533
205.6784
226.0968
525.3622
381.9161
212.3317
190.8461
266.9571
630.4043
385.4871
386.6049
272.5085
342.7502
343.7547
374.3526
298.4525
228.3247
314.7074
508.7585
306.0161
220.2646
329.7043
233.7386
163.7254
115.8115
302.4494
692.778
223.7687
273.9339
177.3819
319.2179
512.8084
420.9797
191.319
308.8379
525.7224
249.1708
246.4196
310.856
254.6404
246.3959
440.8169
387.0958
229.1882
720.6718
171.7648
490.0131
476.9798
575.4923
224.0544
339.2405
409.5375
397.9919
543.8351
433.3528
478.6259
436.1871
178.867
646.5867
286.2338
256.9721
195.2567
204.3645
257.5611
342.4979
455.5685
532.2956
266.8493
376.2289
419.642
271.9431
201.1474
330.8661
613.7591
270.3492
394.6057
170.3068
312.4437
623.6029
361.2602
400.9386
275.0797
249.3279
827.4666
370.4065
517.3291
194.0778
255.7375
253.7986
476.1468
273.2967
180.1208
307.2872
286.6012
280.9735
350.1373
283.3167
506.4058
324.2944
385.024
759.782
410.8095
465.7513
638.9244
348.2402
587.1645
312.6945
190.7282
227.2326
344.4233
238.4621
287.331
181.1075
210.1959
206.2458
705.1997
409.3818
239.4734
203.5817
312.2083
223.6196
262.7481
209.5467
605.1147
325.0418
310.4361
288.3851
255.4107
182.0194
210.8098
230.2677
536.6963
405.1524
465.2691
334.3312
171.1138
158.1331
216.905
325.6185
603.5757
267.5657
764.9346
198.4943
447.5897
231.989
182.753
357.6273
344.0889
398.6719
374.7402
391.6409
351.9304
393.1973
369.5802
334.2893
391.8727
384.4859
413.8818
139.5538
235.4523
245.5214
239.376
168.3737
414.2704
134.0839
217.8159
774.5835
121.1882
375.1449
405.1429
205.3699
185.2001
240.7039
494.1011
336.602
275.7099
357.5853
209.781
277.7693
238.1923
380.8457
297.9215
600.4446
228.2868
261.3909
313.4432
682.2148
186.7314
224.2206
165.5274
212.4836
694.6748
248.9023
354.382
181.6415
244.7244
301.5359
271.9006
304.1123
198.0915
440.1575
462.527
308.2597
783.1446
269.8379
302.318
271.4643
231.4069
269.8678
653.1075
334.1265
603.1256
188.6491
374.1457
255.5847
301.4915
272.9679
417.4933
267.6695
253.7253
416.4199
220.8903
258.2181
312.3869
167.2207
448.8029
195.904
263.0943
436.9564
503.454
307.4458
516.6326
193.2789
341.1791
284.1142
291.2718
328.1486
183.5687
298.3296
332.4695
408.1547
388.0628
308.9197
175.3378
159.5387
164.3629
437.3829
422.4232
144.7305
624.7783
259.287
733.4087
570.2535
137.6842
166.1486
179.1687
221.9491
345.4874
175.8665
366.881
221.3742
493.8034
166.3657
333.4051
355.9021
186.3185
565.1472
664.266
199.6592
215.9804
310.812
169.4582
215.7013
274.4704
260.3038
258.3346
281.2805
451.9675
533.625
364.453
243.122
528.534
349.2753
432.0991
274.8489
190.6376
230.2701
635.4365
398.7401
162.7916
333.1402
515.4324
525.5375
175.3077
398.7381
226.7158
358.3963
247.7541
242.1011
402.427
349.5505
431.2469
381.9153
244.9594
183.5392
178.4843
484.5211
195.9732
339.2274
351.4999
373.7915
415.4905
322.2192
539.6242
440.7279
575.1707
321.0439
436.1214
445.6389
259.3239
378.943
480.6404
484.5258
292.1927
805.694
581.6493
499.2488
176.812
449.5072
564.7659
228.1908
193.6718
217.8263
584.0213
389.6099
201.4988
268.1986
636.6323
464.44
385.8915
260.0242
292.5197
450.7414
384.1155
388.9119
343.1573
658.9359
474.4815
168.0779
162.3033
586.3707
399.934
157.084
425.0751
563.3923
357.12
298.6001
553.416
239.1509
471.3777
372.7486
262.6974
232.0886
197.8311
173.3292
349.4507
235.8566
329.2409
440.745
280.3687
407.813
447.385
750.602
280.7305
155.546
302.2606
468.0566
325.9859
257.8529
179.7844
158.894
280.4955
181.7074
528.1017
272.2806
339.5933
488.0049
157.385
373.2813
540.3319
716.6255
417.3232
398.2487
163.7679
415.7808
193.5346
628.3602
208.8981
160.9272
539.3515
375.5041
355.5757
574.2647
179.414
163.2957
588.9642
181.3609
159.7823
285.0122
286.9522
180.7657
260.506
310.4448
571.985
403.3971
262.3722
346.9245
882.3766
439.5177
310.3651
514.6248
210.0805
219.6597
184.2137
548.7054
385.9709
238.1105
415.5139
462.9183
695.2245
493.3801
473.9544
238.6478
188.9479
194.5615
422.8785
160.368
295.6727
367.2174
201.0518
351.5197
165.2268
407.8093
416.4832
334.8291
281.4192
472.4519
327.9398
163.9587
185.9456
391.9167
296.4018
365.5674
552.3218
416.4748
346.6869
327.7695
207.4861
444.2024
218.6643
210.9688
239.3521
260.0678
209.7935
441.4229
158.5282
739.6066
107.3031
159.4172
457.7006
355.6098
480.4185
245.9949
205.1583
240.0436
341.2785
247.6323
198.0009
311.5386
577.1488
162.6315
185.4508
455.8476
224.3321
531.8704
671.7978
356.9661
183.6201
348.2013
376.2845
295.9108
607.0752
728.6674
381.563
321.7719
479.4357
195.4943
593.2178
491.0199
276.2401
335.1393
835.8169
507.9412
305.8439
358.4524
422.0492
212.1234
232.2224
314.5734
224.6396
324.6453
183.662
394.3068
296.6164
427.5249
306.8496
237.0659
236.7434
227.8655
558.661
169.4623
173.5786
257.851
761.8653
170.4552
361.9745
364.4392
414.3383
482.3092
256.96
288.8887
279.0821
259.1731
317.9895
259.1307
194.918
232.3871
261.112
165.9735
269.8658
223.1028
221.111
694.0641
390.6616
432.4914
450.5168
447.6264
259.8005
574.3032
531.6654
474.3983
180.7894
219.0091
787.3091
327.2013
296.992
888.4471
212.6204
445.1164
333.8913
197.1453
285.6501
209.6933
540.5818
181.1808
529.4996
508.1558
166.2859
384.2721
224.9569
677.2652
422.6576
212.5103
277.2318
250.3717
219.8672
676.7533
268.2016
290.1758
267.8496
643.0628
226.2821
